7729
7733
7734
7802
7833
7835
7836
7848
7849
7918
7930
7961
7971
7984
7985
7987
7988
7989
7990
7998
8006
8023
8025
8034
8036
8037
8038
8039
8040
8041
8090
8094
8095
8096
8097
8098
8099
8104
8105
8106
8108
8109
8110
8111
8112
8113
8114
8115
8119
8120
8124
8134
8137
8152
8153
8155
8157
8174
8175
8179
8182
8186
8187
8188
8190
8191
8193
8243
8247
8248
8250
8251
8252
8253
8266
8269
8290
8291
8294
8295
8297
8301
8320
8326
8327
8328
8330
8331
8332
8333
8334
8336
8651
8652
8655
8658
8713
8714
8717
8725
8728
8729
8730
8731
8733
8734
8736
8749
8751
8752
8775
8777
8784
8798
8799
8804
8834
8837
8841
8843
8846
8847
8848
8850
8901
8904
8906
8908
8910
8912
8913
8915
8916
8917
8926
8928
8930
8932
8933
8934
8943
8944
8945
8947
8948
8949
8950
8952
8955
8969
8970
8972
8975
8977
8981
8985
8987
9048
9053
9056
9058
9060
9063
9066
9069
9072
9073
9092
9094
9104
9105
9148
9163
9166
9171
9176
9181
9183
9188
10417
10419
10422
10424
10426
10443
10526
10538
10540
10555
10572
10600
10601
10602
10604
10605
10615
10693
10694
10695
10698
10699
10700
10701
10729
10732
10733
10738
10743
10747
10775
10792
10794
10796
10799
10829
10847
10849
10857
10859
10881
10884
10888
10921
10928
10955
10956
11038
11041
11068
11070
11079
11081
11082
11086
11088
11089
11093
11096
11098
11127
11156
11208
11211
11212
11213
11214
11243
11461
11463
11471
11478
11480
11486
11488
11491
11504
11506
11519
11523
11527
11528
11583
11584
11585
11586
11589
11590
11595
11596
11597
11599
11602
11613
11630
11700
11701
11703
11705
11706
