7729
7733
7734
7802
7833
7835
7836
7848
7849
7918
7930
7961
7971
7984
7985
7987
7988
7989
7990
7998
8006
8023
8025
8034
8036
8037
8038
8039
8040
8041
8090
8094
8095
8096
8097
8098
8099
8104
8105
8106
8108
8109
8110
8111
8112
8113
8114
8115
8119
8120
8124
8134
8137
8152
8153
8155
8157
8174
8175
8179
8182
8186
8187
8188
8190
8191
8193
8243
8247
8248
8250
8251
8252
8253
8266
8269
8290
8291
8294
8295
8297
8301
8320
8326
8327
8328
8330
8331
8332
8333
8334
8336
8651
8652
8655
8658
8713
8714
8717
8725
8728
8729
8730
8731
8733
8734
8736
8749
8751
8752
8775
8777
8784
8798
8799
8804
8834
8837
8841
8843
8846
8847
8848
8850
8901
8904
8906
8908
8910
8912
8913
8915
8916
8917
8926
8928
8930
8932
8933
8934
8943
8944
8945
8947
8948
8949
8950
8952
8955
8969
8970
8972
8975
8977
8981
8985
8987
9048
9053
9056
9058
9060
9063
9066
9069
9072
9073
9092
9094
9104
9105
9148
9163
9166
9171
9176
9181
9183
9188
10417
10419
10422
10424
10426
10443
10526
10538
10540
10555
10572
10600
10601
10602
10604
10605
10615
10693
10694
10695
10698
10699
10700
10701
10729
10732
10733
10738
10743
10747
10775
10792
10794
10796
10799
10829
10847
10849
10857
10859
10881
10884
10888
10921
10928
10955
10956
11038
11041
11068
11070
11079
11081
11082
11086
11088
11089
11093
11096
11098
11127
11156
11208
11211
11212
11213
11214
11243
11461
11463
11471
11478
11480
11486
11488
11491
11504
11506
11519
11523
11527
11528
11583
11584
11585
11586
11589
11590
11595
11596
11597
11599
11602
11613
11630
11700
11701
11703
11705
11706
15838
15839
15840
15844
15849
15850
15868
15873
15874
15877
15878
15882
15883
15884
15902
15903
15904
15909
15912
15913
15915
15917
15918
15919
15945
15946
15948
15949
15950
15951
15953
15955
15956
15957
15961
15963
15967
15975
15977
15993
15994
15996
15997
15998
16000
16001
16018
16022
16023
16024
16028
16042
16043
16057
16060
16064
16065
16068
16071
16072
16073
16075
16076
16077
16096
16098
16099
16100
16102
16103
16393
16394
16396
16400
16403
16405
16517
16522
16523
16531
16533
16542
16558
16564
16581
16628
16635
16648
16649
16650
16653
16657
16658
16659
16660
16661
16662
16663
16664
16665
16667
16669
16684
16685
16687
16690
16693
16696
16697
16698
16699
16700
16715
16716
16730
16731
16732
16798
16800
16802
16805
16806
16848
16850
16851
16852
16853
16901
16916
16923
14587
14588
14589
14590
14593
14597
14618
14644
14645
14647
14733
14743
14758
14760
14763
14764
14765
14766
14767
14769
14771
14776
14777
14797
14799
14804
14809
14810
14904
14905
14906
14954
14971
14972
14973
14974
14975
14976
14977
14980
14981
14985
14989
15007
15015
15016
15023
15024
15025
15031
15032
15034
15050
15051
15052
15055
15059
15075
15146
15181
15257
15259
15260
15267
15269
15270
15287
15289
15290
15387
15388
15390
15391
15394
15396
15398
15415
15418
15421
15422
15424
15425
15429
15432
15434
15438
15439
15443
15445
15446
15455
15553
15676
15678
15679
15681
15683
15685
15687
15688
15691
15694
15723
15749
15751
15754
15755
15758
15762
15763
15765
15766
15782
15784
15785
15786
15787
15789
15790
15814
15816
15818
15820
16929
16930
16931
16932
16934
16936
16937
16938
16939
16940
16941
16943
16963
16972
16974
17018
17023
17095
17102
17127
17147
17199
17230
